3.375077994860475883e-14
