3.263713210799323861e-08
