3.358424649491098535e-14
