2.198241588757809950e-13
