2.674099107480287785e-06
